(1, [29], 17.405473232269287) 
(1, [68], 8.260905504226685) 
(1, [95], 7.62838888168335) 
(1, [74], 7.806338548660278) 
(1, [30], 16.190699815750122) 
(1, [80], 8.853446245193481) 
(1, [51], 10.350154876708984) 
(1, [53], 11.240742206573486) 
(1, [80], 9.85250973701477) 
(1, [92], 6.98351526260376) 
(2, [57, 77], 15.992505073547363) 
(2, [76, 80], 16.189722299575806) 
(2, [70, 75], 12.906104803085327) 
(2, [34, 61], 12.568641901016235) 
(2, [98, 29], 31.32035517692566) 
(2, [94, 39], 31.623387336730957) 
(2, [35, 72], 17.108012676239014) 
(2, [51, 46], 19.357472896575928) 
(2, [87, 47], 21.201387405395508) 
(2, [75, 88], 22.825266122817993) 
(3, [97, 22, 54], 16.738860368728638) 
(3, [70, 90, 44], '1000000') 
(3, [89, 39, 71], 20.808661937713623) 
(3, [63, 36, 25], 30.9114887714386) 
(3, [73, 91, 77], '1000000') 
(3, [82, 85, 66], 46.381441593170166) 
(3, [43, 68, 26], '1000000') 
(3, [89, 98, 20], '1000000') 
(3, [98, 67, 84], 16.78911519050598) 
(3, [60, 48, 52], 15.925830364227295) 
(4, [21, 53, 96, 72], '1000000') 
(4, [48, 80, 40, 44], '1000000') 
(4, [40, 28, 71, 44], '1000000') 
(4, [22, 71, 22, 99], 30.4127779006958) 
(4, [37, 66, 24, 59], 25.270658016204834) 
(4, [49, 65, 24, 38], 35.513197898864746) 
(4, [46, 40, 92, 75], '1000000') 
(4, [45, 21, 46, 88], 43.16874980926514) 
(4, [35, 82, 41, 57], '1000000') 
(4, [32, 79, 31, 45], 28.172151803970337) 
