(2, [23, 47], 136.6090955734253) 
(2, [44, 39], 91.0822422504425) 
(2, [24, 20], 106.52563428878784) 
(2, [45, 37], 99.27773523330688) 
(2, [49, 39], 113.122305393219) 
(2, [48, 26], 103.50423407554626) 
(2, [44, 27], 102.09154772758484) 
(2, [30, 23], 101.14262747764587) 
(2, [28, 39], 108.14640188217163) 
(2, [21, 27], 76.5704550743103) 
(3, [44, 26, 24], 184.38618850708008) 
(3, [24, 36, 25], '1000000') 
(3, [27, 37, 31], 178.47689008712769) 
(3, [21, 36, 32], 97.14074563980103) 
(3, [29, 35, 24], 182.24429893493652) 
(3, [47, 35, 34], 139.31789422035217) 
(3, [20, 26, 35], 153.64690017700195) 
(3, [26, 47, 31], 152.69748282432556) 
(3, [49, 41, 31], '1000000') 
(3, [47, 33, 40], '1000000') 
(4, [36, 43, 34, 33], '1000000') 
(4, [22, 20, 33, 40], 296.5265369415283) 
(4, [48, 42, 42, 38], 230.38684153556824) 
(4, [22, 24, 26, 44], 179.28822207450867) 
(4, [35, 26, 46, 35], 302.390992641449) 
(4, [45, 43, 46, 34], 190.09592938423157) 
(4, [24, 40, 40, 25], '1000000') 
(4, [28, 43, 38, 21], 245.49954319000244) 
(4, [34, 29, 46, 38], '1000000') 
(4, [37, 45, 30, 33], 303.221289396286) 
