(1, [59], '1000000') 
(1, [93], '1000000') 
(1, [91], '1000000') 
(1, [26], '1000000') 
(1, [88], '1000000') 
(1, [69], '1000000') 
(1, [35], '1000000') 
(1, [18], '1000000') 
(1, [77], '1000000') 
(1, [44], '1000000') 
(2, [15, 99], '1000000') 
(2, [71, 76], '1000000') 
(2, [99, 60], '1000000') 
(2, [53, 88], '1000000') 
(2, [67, 97], '1000000') 
(2, [26, 62], '1000000') 
(2, [19, 56], '1000000') 
(2, [21, 52], '1000000') 
(2, [89, 19], '1000000') 
(2, [55, 45], '1000000') 
(3, [78, 81, 32], '1000000') 
(3, [52, 45, 26], '1000000') 
(3, [59, 16, 38], '1000000') 
(3, [75, 26, 31], '1000000') 
(3, [79, 10, 22], '1000000') 
(3, [37, 88, 25], '1000000') 
(3, [34, 10, 87], '1000000') 
(3, [23, 73, 22], '1000000') 
(3, [22, 19, 65], '1000000') 
(3, [64, 38, 52], '1000000') 
(4, [49, 50, 50, 74], '1000000') 
(4, [67, 41, 23, 50], '1000000') 
(4, [55, 57, 49, 31], '1000000') 
(4, [49, 29, 34, 77], '1000000') 
(4, [95, 17, 45, 50], '1000000') 
(4, [72, 91, 60, 65], '1000000') 
(4, [29, 31, 39, 27], '1000000') 
(4, [98, 49, 15, 46], '1000000') 
(4, [51, 66, 81, 29], '1000000') 
(4, [79, 47, 60, 79], '1000000') 
